156 3 8
175 87 33 
0 256 0 0 0 0 0 256 
177 81 29 
0 256 0 0 0 0 0 256 
179 80 33 
0 256 0 0 0 0 0 256 
172 77 42 
0 256 0 0 0 0 0 256 
162 86 43 
0 256 0 0 0 0 0 256 
173 79 45 
0 256 0 0 0 0 0 256 
254 44 8 
0 256 0 0 0 0 256 0 
255 49 7 
0 256 0 0 0 0 256 0 
254 54 7 
0 256 0 0 0 0 256 0 
250 59 9 
0 256 0 0 0 0 256 0 
258 62 8 
0 256 0 0 0 0 256 0 
261 61 9 
0 256 0 0 0 0 256 0 
182 96 20 
0 256 0 0 0 0 256 256 
183 94 21 
0 256 0 0 0 0 256 256 
181 95 30 
0 256 0 0 0 0 256 256 
173 111 27 
0 256 0 0 0 0 256 256 
180 111 24 
0 256 0 0 0 0 256 256 
172 112 29 
0 256 0 0 0 0 256 256 
242 56 9 
0 256 0 0 0 256 0 0 
220 79 11 
0 256 0 0 0 256 0 0 
207 80 24 
0 256 0 0 0 256 0 0 
229 78 15 
0 256 0 0 0 256 0 0 
243 70 16 
0 256 0 0 0 256 0 0 
233 72 22 
0 256 0 0 0 256 0 0 
240 64 5 
0 256 0 0 0 256 0 256 
268 40 7 
0 256 0 0 0 256 0 256 
253 67 3 
0 256 0 0 0 256 0 256 
270 55 4 
0 256 0 0 0 256 0 256 
268 58 5 
0 256 0 0 0 256 0 256 
257 77 4 
0 256 0 0 0 256 0 256 
232 70 5 
0 256 0 0 0 256 256 0 
249 60 5 
0 256 0 0 0 256 256 0 
240 76 3 
0 256 0 0 0 256 256 0 
250 71 6 
0 256 0 0 0 256 256 0 
249 75 5 
0 256 0 0 0 256 256 0 
245 86 4 
0 256 0 0 0 256 256 0 
200 67 21 
0 256 0 0 0 256 256 256 
226 61 16 
0 256 0 0 0 256 256 256 
201 76 23 
0 256 0 0 0 256 256 256 
193 78 29 
0 256 0 0 0 256 256 256 
190 79 32 
0 256 0 0 0 256 256 256 
199 80 28 
0 256 0 0 0 256 256 256 
281 31 0 
0 256 0 0 256 0 0 0 
261 53 0 
0 256 0 0 256 0 0 0 
263 56 0 
0 256 0 0 256 0 0 0 
285 46 0 
0 256 0 0 256 0 0 0 
292 44 0 
0 256 0 0 256 0 0 0 
304 38 0 
0 256 0 0 256 0 0 0 
300 0 0 
0 256 0 0 256 0 0 256 
301 0 0 
0 256 0 0 256 0 0 256 
311 0 0 
0 256 0 0 256 0 0 256 
314 0 0 
0 256 0 0 256 0 0 256 
322 0 0 
0 256 0 0 256 0 0 256 
325 0 0 
0 256 0 0 256 0 0 256 
243 61 1 
0 256 0 0 256 0 256 0 
230 68 5 
0 256 0 0 256 0 256 0 
245 64 5 
0 256 0 0 256 0 256 0 
240 66 8 
0 256 0 0 256 0 256 0 
258 60 8 
0 256 0 0 256 0 256 0 
257 68 5 
0 256 0 0 256 0 256 0 
215 57 25 
0 256 0 0 256 0 256 256 
212 62 24 
0 256 0 0 256 0 256 256 
226 49 26 
0 256 0 0 256 0 256 256 
217 52 32 
0 256 0 0 256 0 256 256 
206 63 31 
0 256 0 0 256 0 256 256 
227 51 31 
0 256 0 0 256 0 256 256 
249 54 0 
0 256 0 0 256 256 0 0 
224 80 3 
0 256 0 0 256 256 0 0 
252 63 0 
0 256 0 0 256 256 0 0 
248 71 0 
0 256 0 0 256 256 0 0 
257 70 0 
0 256 0 0 256 256 0 0 
265 68 0 
0 256 0 0 256 256 0 0 
241 54 14 
0 256 0 0 256 256 0 256 
234 53 22 
0 256 0 0 256 256 0 256 
253 43 19 
0 256 0 0 256 256 0 256 
253 41 24 
0 256 0 0 256 256 0 256 
246 51 24 
0 256 0 0 256 256 0 256 
245 50 28 
0 256 0 0 256 256 0 256 
249 33 23 
0 256 0 0 256 256 256 0 
237 37 25 
0 256 0 0 256 256 256 0 
263 31 18 
0 256 0 0 256 256 256 0 
236 38 30 
0 256 0 0 256 256 256 0 
263 31 21 
0 256 0 0 256 256 256 0 
253 34 24 
0 256 0 0 256 256 256 0 
194 88 22 
0 256 0 0 256 256 256 256 
197 95 16 
0 256 0 0 256 256 256 256 
177 102 27 
0 256 0 0 256 256 256 256 
184 105 23 
0 256 0 0 256 256 256 256 
188 94 31 
0 256 0 0 256 256 256 256 
185 104 29 
0 256 0 0 256 256 256 256 
227 44 30 
0 256 0 256 0 0 0 0 
235 52 23 
0 256 0 256 0 0 0 0 
231 57 24 
0 256 0 256 0 0 0 0 
227 59 27 
0 256 0 256 0 0 0 0 
238 62 26 
0 256 0 256 0 0 0 0 
237 62 27 
0 256 0 256 0 0 0 0 
201 77 21 
0 256 0 256 0 0 0 256 
185 88 20 
0 256 0 256 0 0 0 256 
169 92 24 
0 256 0 256 0 0 0 256 
175 89 24 
0 256 0 256 0 0 0 256 
174 95 25 
0 256 0 256 0 0 0 256 
181 94 27 
0 256 0 256 0 0 0 256 
242 39 15 
0 256 0 256 0 0 256 0 
220 70 12 
0 256 0 256 0 0 256 0 
237 51 16 
0 256 0 256 0 0 256 0 
232 59 18 
0 256 0 256 0 0 256 0 
237 61 17 
0 256 0 256 0 0 256 0 
244 56 17 
0 256 0 256 0 0 256 0 
197 56 40 
0 256 0 256 0 0 256 256 
217 44 34 
0 256 0 256 0 0 256 256 
210 45 39 
0 256 0 256 0 0 256 256 
204 48 46 
0 256 0 256 0 0 256 256 
206 52 41 
0 256 0 256 0 0 256 256 
207 50 49 
0 256 0 256 0 0 256 256 
237 67 0 
0 256 0 256 0 256 0 0 
218 91 0 
0 256 0 256 0 256 0 0 
217 96 0 
0 256 0 256 0 256 0 0 
245 80 0 
0 256 0 256 0 256 0 0 
237 93 0 
0 256 0 256 0 256 0 0 
237 95 0 
0 256 0 256 0 256 0 0 
238 56 11 
0 256 0 256 0 256 0 256 
259 52 3 
0 256 0 256 0 256 0 256 
249 56 11 
0 256 0 256 0 256 0 256 
240 65 15 
0 256 0 256 0 256 0 256 
259 64 8 
0 256 0 256 0 256 0 256 
252 65 14 
0 256 0 256 0 256 0 256 
153 87 42 
0 256 0 256 0 256 256 0 
143 100 38 
0 256 0 256 0 256 256 0 
147 86 49 
0 256 0 256 0 256 256 0 
138 91 52 
0 256 0 256 0 256 256 0 
137 92 51 
0 256 0 256 0 256 256 0 
137 96 53 
0 256 0 256 0 256 256 0 
198 86 17 
0 256 0 256 0 256 256 256 
192 78 28 
0 256 0 256 0 256 256 256 
193 90 24 
0 256 0 256 0 256 256 256 
181 97 30 
0 256 0 256 0 256 256 256 
181 96 33 
0 256 0 256 0 256 256 256 
179 102 34 
0 256 0 256 0 256 256 256 
204 76 12 
0 256 0 256 256 0 0 0 
166 85 40 
0 256 0 256 256 0 0 0 
166 91 35 
0 256 0 256 256 0 0 0 
163 93 36 
0 256 0 256 256 0 0 0 
161 97 38 
0 256 0 256 256 0 0 0 
159 99 41 
0 256 0 256 256 0 0 0 
147 92 49 
0 256 0 256 256 0 0 256 
151 101 39 
0 256 0 256 256 0 0 256 
140 94 47 
0 256 0 256 256 0 0 256 
150 93 46 
0 256 0 256 256 0 0 256 
141 104 48 
0 256 0 256 256 0 0 256 
131 97 56 
0 256 0 256 256 0 0 256 
202 52 29 
0 256 0 256 256 0 256 0 
226 42 26 
0 256 0 256 256 0 256 0 
213 46 31 
0 256 0 256 256 0 256 0 
216 46 29 
0 256 0 256 256 0 256 0 
220 43 30 
0 256 0 256 256 0 256 0 
220 44 33 
0 256 0 256 256 0 256 0 
