  156    3    8
  0.68376  0.34221  0.13105
  0  1  0  0  0  0  0  1
  0.69483  0.31720  0.11582
  0  1  0  0  0  0  0  1
  0.70143  0.31473  0.12998
  0  1  0  0  0  0  0  1
  0.67446  0.30147  0.16524
  0  1  0  0  0  0  0  1
  0.63295  0.33723  0.16885
  0  1  0  0  0  0  0  1
  0.67941  0.31043  0.17860
  0  1  0  0  0  0  0  1
  0.994524  0.175379  0.031624
  0  1  0  0  0  0  1  0
  0.997855  0.192611  0.030759
  0  1  0  0  0  0  1  0
  0.994815  0.212918  0.030925
  0  1  0  0  0  0  1  0
  0.979999  0.231284  0.037891
  0  1  0  0  0  0  1  0
  1.009448  0.243322  0.032979
  0  1  0  0  0  0  1  0
  1.021392  0.240154  0.036675
  0  1  0  0  0  0  1  0
  0.712558  0.375512  0.081113
  0  1  0  0  0  0  1  1
  0.715468  0.368242  0.082835
  0  1  0  0  0  0  1  1
  0.70837  0.37216  0.11762
  0  1  0  0  0  0  1  1
  0.67750  0.43684  0.10822
  0  1  0  0  0  0  1  1
  0.703360  0.434579  0.094282
  0  1  0  0  0  0  1  1
  0.67477  0.43894  0.11418
  0  1  0  0  0  0  1  1
  0.945489  0.219907  0.038795
  0  1  0  0  0  1  0  0
  0.860532  0.309397  0.045107
  0  1  0  0  0  1  0  0
  0.810015  0.314906  0.096376
  0  1  0  0  0  1  0  0
  0.894995  0.307032  0.060453
  0  1  0  0  0  1  0  0
  0.952872  0.274894  0.064869
  0  1  0  0  0  1  0  0
  0.910805  0.281330  0.088975
  0  1  0  0  0  1  0  0
  0.940541  0.252214  0.023287
  0  1  0  0  0  1  0  1
  1.050530  0.157293  0.027621
  0  1  0  0  0  1  0  1
  0.990092  0.263798  0.014413
  0  1  0  0  0  1  0  1
  1.057329  0.217196  0.019400
  0  1  0  0  0  1  0  1
  1.047900  0.228680  0.023409
  0  1  0  0  0  1  0  1
  1.006666  0.302127  0.018880
  0  1  0  0  0  1  0  1
  0.907809  0.275161  0.019580
  0  1  0  0  0  1  1  0
  0.973694  0.238080  0.021265
  0  1  0  0  0  1  1  0
  0.938295  0.298842  0.013767
  0  1  0  0  0  1  1  0
  0.978719  0.278172  0.025198
  0  1  0  0  0  1  1  0
  0.973985  0.296750  0.021522
  0  1  0  0  0  1  1  0
  0.957810  0.337372  0.018691
  0  1  0  0  0  1  1  0
  0.781624  0.262567  0.085388
  0  1  0  0  0  1  1  1
  0.882936  0.238649  0.065839
  0  1  0  0  0  1  1  1
  0.788477  0.297768  0.091383
  0  1  0  0  0  1  1  1
  0.75753  0.30532  0.11509
  0  1  0  0  0  1  1  1
  0.74510  0.30907  0.12670
  0  1  0  0  0  1  1  1
  0.78044  0.31322  0.11251
  0  1  0  0  0  1  1  1
   1.0978e+00   1.2289e-01   1.9397e-16
  0  1  0  0  1  0  0  0
   1.0228e+00   2.1020e-01   6.0978e-17
  0  1  0  0  1  0  0  0
   1.0276e+00   2.2184e-01   8.2512e-17
  0  1  0  0  1  0  0  0
   1.1136e+00   1.8181e-01   1.1589e-16
  0  1  0  0  1  0  0  0
   1.1421e+00   1.7201e-01   6.1041e-16
  0  1  0  0  1  0  0  0
   1.1901e+00   1.5113e-01   3.5036e-16
  0  1  0  0  1  0  0  0
  1.17222  0.00000  0.00000
  0  1  0  0  1  0  0  1
  1.17692  0.00000  0.00000
  0  1  0  0  1  0  0  1
   1.2172e+00   8.8979e-17   2.5709e-17
  0  1  0  0  1  0  0  1
  1.23018  0.00000  0.00000
  0  1  0  0  1  0  0  1
  1.25893  0.00000  0.00000
  0  1  0  0  1  0  0  1
  1.27254  0.00000  0.00000
  0  1  0  0  1  0  0  1
  0.9506481  0.2394721  0.0077509
  0  1  0  0  1  0  1  0
  0.899131  0.265779  0.022420
  0  1  0  0  1  0  1  0
  0.960649  0.253146  0.022090
  0  1  0  0  1  0  1  0
  0.939606  0.259801  0.033510
  0  1  0  0  1  0  1  0
  1.008112  0.234582  0.032689
  0  1  0  0  1  0  1  0
  1.004928  0.266408  0.023050
  0  1  0  0  1  0  1  0
  0.841976  0.225372  0.099417
  0  1  0  0  1  0  1  1
  0.831732  0.243091  0.095393
  0  1  0  0  1  0  1  1
  0.88459  0.19527  0.10199
  0  1  0  0  1  0  1  1
  0.84846  0.20614  0.12713
  0  1  0  0  1  0  1  1
  0.80637  0.24687  0.12441
  0  1  0  0  1  0  1  1
  0.88967  0.20207  0.12398
  0  1  0  0  1  0  1  1
   9.7373e-01   2.1164e-01   1.0343e-16
  0  1  0  0  1  1  0  0
  0.875015  0.314864  0.014156
  0  1  0  0  1  1  0  0
   9.8637e-01   2.4760e-01   5.0998e-17
  0  1  0  0  1  1  0  0
   9.6961e-01   2.7913e-01   1.6905e-17
  0  1  0  0  1  1  0  0
   1.0046e+00   2.7572e-01   3.4714e-16
  0  1  0  0  1  1  0  0
   1.0367e+00   2.6759e-01   6.5205e-16
  0  1  0  0  1  1  0  0
  0.942410  0.211265  0.058177
  0  1  0  0  1  1  0  1
  0.916527  0.210829  0.087857
  0  1  0  0  1  1  0  1
  0.990675  0.171031  0.076976
  0  1  0  0  1  1  0  1
  0.989502  0.160231  0.097444
  0  1  0  0  1  1  0  1
  0.961193  0.201953  0.093822
  0  1  0  0  1  1  0  1
  0.95913  0.19839  0.11064
  0  1  0  0  1  1  0  1
  0.973550  0.130655  0.091703
  0  1  0  0  1  1  1  0
  0.926802  0.146710  0.097866
  0  1  0  0  1  1  1  0
  1.028312  0.121114  0.071718
  0  1  0  0  1  1  1  0
  0.92350  0.14852  0.11843
  0  1  0  0  1  1  1  0
  1.030230  0.124257  0.082763
  0  1  0  0  1  1  1  0
  0.990582  0.135807  0.097572
  0  1  0  0  1  1  1  0
  0.759535  0.345312  0.089656
  0  1  0  0  1  1  1  1
  0.770468  0.372045  0.065241
  0  1  0  0  1  1  1  1
  0.69416  0.39929  0.10736
  0  1  0  0  1  1  1  1
  0.718963  0.411784  0.090383
  0  1  0  0  1  1  1  1
  0.73581  0.36828  0.12187
  0  1  0  0  1  1  1  1
  0.72481  0.40911  0.11666
  0  1  0  0  1  1  1  1
  0.89033  0.17199  0.11857
  0  1  0  1  0  0  0  0
  0.920013  0.206003  0.092575
  0  1  0  1  0  0  0  0
  0.904169  0.222744  0.095044
  0  1  0  1  0  0  0  0
  0.89020  0.23079  0.10736
  0  1  0  1  0  0  0  0
  0.93329  0.24593  0.10499
  0  1  0  1  0  0  0  0
  0.92942  0.24550  0.10619
  0  1  0  1  0  0  0  0
  0.787038  0.301199  0.083768
  0  1  0  1  0  0  0  1
  0.723864  0.346821  0.078179
  0  1  0  1  0  0  0  1
  0.662429  0.362363  0.093782
  0  1  0  1  0  0  0  1
  0.687371  0.348509  0.096368
  0  1  0  1  0  0  0  1
  0.68350  0.37462  0.10037
  0  1  0  1  0  0  0  1
  0.70788  0.36813  0.10584
  0  1  0  1  0  0  0  1
  0.946517  0.152672  0.061336
  0  1  0  1  0  0  1  0
  0.862925  0.274845  0.050479
  0  1  0  1  0  0  1  0
  0.926516  0.200640  0.066120
  0  1  0  1  0  0  1  0
  0.907269  0.233956  0.073714
  0  1  0  1  0  0  1  0
  0.929011  0.240574  0.068014
  0  1  0  1  0  0  1  0
  0.956636  0.220368  0.069410
  0  1  0  1  0  0  1  0
  0.77226  0.21969  0.15815
  0  1  0  1  0  0  1  1
  0.84898  0.17440  0.13528
  0  1  0  1  0  0  1  1
  0.82358  0.17795  0.15365
  0  1  0  1  0  0  1  1
  0.79922  0.18890  0.18170
  0  1  0  1  0  0  1  1
  0.80663  0.20598  0.16353
  0  1  0  1  0  0  1  1
  0.81017  0.19621  0.19430
  0  1  0  1  0  0  1  1
   9.2700e-01   2.6221e-01   4.2692e-17
  0  1  0  1  0  1  0  0
   8.5385e-01   3.5714e-01   8.7605e-18
  0  1  0  1  0  1  0  0
   8.4858e-01   3.7860e-01   1.4004e-16
  0  1  0  1  0  1  0  0
   9.5881e-01   3.1322e-01   2.7553e-17
  0  1  0  1  0  1  0  0
   9.2936e-01   3.6417e-01   2.6191e-16
  0  1  0  1  0  1  0  0
   9.2648e-01   3.7350e-01   2.5729e-16
  0  1  0  1  0  1  0  0
  0.930988  0.220058  0.043374
  0  1  0  1  0  1  0  1
  1.013662  0.205078  0.013386
  0  1  0  1  0  1  0  1
  0.976544  0.220527  0.044856
  0  1  0  1  0  1  0  1
  0.937700  0.254050  0.060740
  0  1  0  1  0  1  0  1
  1.012635  0.253223  0.034641
  0  1  0  1  0  1  0  1
  0.985136  0.254442  0.055989
  0  1  0  1  0  1  0  1
  0.60146  0.34312  0.16656
  0  1  0  1  0  1  1  0
  0.56005  0.39115  0.15059
  0  1  0  1  0  1  1  0
  0.57445  0.33691  0.19463
  0  1  0  1  0  1  1  0
  0.54282  0.35765  0.20423
  0  1  0  1  0  1  1  0
  0.53757  0.35954  0.20256
  0  1  0  1  0  1  1  0
  0.53627  0.37506  0.20928
  0  1  0  1  0  1  1  0
  0.776287  0.338263  0.070269
  0  1  0  1  0  1  1  1
  0.75074  0.30625  0.11123
  0  1  0  1  0  1  1  1
  0.756429  0.353086  0.094458
  0  1  0  1  0  1  1  1
  0.70987  0.37974  0.11877
  0  1  0  1  0  1  1  1
  0.70823  0.37766  0.13140
  0  1  0  1  0  1  1  1
  0.70063  0.40071  0.13354
  0  1  0  1  0  1  1  1
  0.800230  0.297118  0.047278
  0  1  0  1  1  0  0  0
  0.64922  0.33412  0.15964
  0  1  0  1  1  0  0  0
  0.64952  0.35670  0.14031
  0  1  0  1  1  0  0  0
  0.63980  0.36713  0.14437
  0  1  0  1  1  0  0  0
  0.62918  0.38233  0.14968
  0  1  0  1  1  0  0  0
  0.62227  0.38904  0.16156
  0  1  0  1  1  0  0  0
  0.57633  0.36100  0.19431
  0  1  0  1  1  0  0  1
  0.59323  0.39808  0.15255
  0  1  0  1  1  0  0  1
  0.54774  0.36861  0.18683
  0  1  0  1  1  0  0  1
  0.58849  0.36453  0.18172
  0  1  0  1  1  0  0  1
  0.55279  0.40952  0.18937
  0  1  0  1  1  0  0  1
  0.51225  0.37997  0.21931
  0  1  0  1  1  0  0  1
  0.79076  0.20598  0.11335
  0  1  0  1  1  0  1  0
  0.88466  0.16543  0.10359
  0  1  0  1  1  0  1  0
  0.83231  0.18275  0.12323
  0  1  0  1  1  0  1  0
  0.84552  0.18119  0.11622
  0  1  0  1  1  0  1  0
  0.86278  0.16841  0.11852
  0  1  0  1  1  0  1  0
  0.86182  0.17367  0.13180
  0  1  0  1  1  0  1  0
